world: f40796f5-8651-47b6-ae21-bbf1ca44ff73
world-name: world
x: 535.5482821910068
y: 65.0
z: -189.98273970678287
yaw: 90.50433349609375
pitch: 0.14999760687351227
name: Anurag's_House
lastowner: 427bc943-f939-30f1-b40e-c29325272737
