world: f40796f5-8651-47b6-ae21-bbf1ca44ff73
world-name: world
x: 564.4992539646853
y: 70.0
z: -198.9839134759425
yaw: -90.3953857421875
pitch: 0.45000338554382324
name: Shashank's_House
lastowner: 427bc943-f939-30f1-b40e-c29325272737
