world: f40796f5-8651-47b6-ae21-bbf1ca44ff73
world-name: world
x: 552.5362672092098
y: 73.0
z: -213.30577986056988
yaw: -179.6456756591797
pitch: -0.300007164478302
name: Vaibhav's_House
lastowner: 427bc943-f939-30f1-b40e-c29325272737
